144	126
144	227
144	512
144	238
144	205
144	475
144	497
144	175
144	242
309	26
309	401
309	527
309	335
309	105
309	154
309	297
309	332
309	10
309	239
309	130
309	114
309	414
309	448
309	24
309	18
309	220
232	269
232	135
232	417
232	158
232	334
232	31
232	389
232	215
232	79
232	459
232	110
232	238
232	56
232	66
232	377
232	480
232	514
232	471
232	467
232	419
232	179
232	272
232	116
232	159
232	60
279	204
279	109
279	106
274	377
274	314
274	455
274	186
274	179
274	6
274	334
274	208
274	272
274	344
197	490
241	284
241	311
241	18
241	439
241	308
241	92
198	390
344	135
344	486
344	274
344	478
344	31
344	495
344	381
344	268
344	445
344	186
344	140
344	102
344	459
344	456
344	367
344	121
344	228
344	444
344	480
344	387
344	519
344	443
344	497
344	383
344	364
344	490
344	396
344	385
344	173
388	190
388	181
388	527
388	335
388	132
126	144
126	57
126	507
126	356
126	449
126	118
126	215
126	186
126	110
126	245
126	121
126	86
126	227
126	89
126	480
126	150
126	497
126	120
126	75
126	65
126	378
126	500
102	497
14	231
14	451
14	33
14	390
14	212
466	525
466	221
466	325
466	74
158	135
158	232
158	387
158	334
158	155
158	495
158	455
158	271
158	396
158	441
158	66
158	377
158	58
158	480
158	519
158	55
158	547
158	148
158	179
158	205
158	159
158	121
158	173
158	477
156	86
156	31
156	467
384	346
384	258
384	195
384	179
384	314
384	267
384	64
384	155
384	272
384	362
384	127
384	138
301	164
301	33
428	410
428	483
428	325
428	39
428	466
89	126
89	440
89	248
89	445
89	204
89	267
89	58
89	495
89	497
89	467
393	225
393	527
393	132
393	297
393	442
393	433
393	262
393	399
393	11
393	286
393	437
439	380
439	225
439	276
439	132
439	406
439	442
439	430
439	297
439	416
439	11
439	164
439	145
439	18
439	123
439	424
439	460
439	1
439	27
439	54
439	154
439	220
76	79
38	385
38	203
38	117
497	144
497	185
383	395
383	269
383	66
383	440
383	490
383	21
383	110
383	364
383	463
383	444
383	268
383	459
383	396
383	475
383	500
383	354
383	77
383	497
383	436
383	186
383	252
516	86
516	278
516	135
516	417
516	248
516	31
516	117
516	495
516	53
516	337
516	140
516	175
516	506
516	423
516	504
516	63
516	30
516	66
516	534
516	519
516	467
516	436
516	469
516	174
516	369
516	120
516	419
516	405
516	358
516	547
516	148
516	179
516	270
516	15
516	272
516	159
289	447
289	449
289	419
289	82
90	58
324	265
324	57
324	434
324	116
452	66
452	411
452	44
452	470
452	506
452	378
452	334
452	450
452	381
233	269
233	500
233	16
233	140
233	364
233	323
233	48
233	436
233	100
154	18
154	482
154	124
154	484
154	518
391	480
391	168
391	174
391	293
490	473
490	260
490	197
490	387
490	334
490	117
490	495
490	344
490	426
490	506
490	140
490	502
490	147
490	86
490	330
490	204
490	159
490	480
490	252
490	435
490	174
490	383
490	120
490	266
490	470
490	229
490	185
490	364
490	282
490	259
490	385
490	488
490	463
15	66
15	516
15	472
15	148
15	506
15	507
15	489
15	31
15	268
15	480
15	436
15	75
15	367
15	494
259	153
259	265
259	99
259	142
259	270
259	490
259	155
259	58
259	492
463	383
463	120
463	159
463	157
463	364
463	490
463	238
463	151
463	118
463	467
463	469
463	121
486	507
486	334
486	495
486	344
486	223
486	506
486	251
486	504
486	19
486	102
486	459
486	63
486	513
486	273
486	121
486	330
486	517
486	119
486	219
486	467
486	103
486	310
486	195
486	396
486	151
334	66
334	468
334	232
334	486
334	158
334	274
334	526
334	131
334	356
334	495
334	284
334	445
334	125
334	459
334	367
334	494
334	86
334	507
334	204
334	452
334	179
334	531
334	490
334	272
108	417
108	506
108	119
108	31
108	480
108	364
108	467
108	293
108	121
261	323
261	440
261	299
261	507
261	364
261	295
261	475
261	500
261	77
317	210
251	472
251	339
251	205
475	144
475	268
475	480
475	100
475	387
339	454
339	120
339	493
339	251
339	31
339	58
339	480
339	362
315	395
163	545
163	264
163	484
163	164
163	239
163	433
163	424
163	529
163	388
350	75
350	395
350	50
350	316
129	256
129	470
129	221
129	172
129	427
129	499
129	503
243	395
243	446
243	371
547	516
547	500
547	99
547	57
547	173
547	158
547	480
547	219
547	155
547	76
547	111
547	495
547	213
547	436
547	247
547	273
547	121
376	158
542	537
542	538
542	540
542	539
542	533
542	532
542	464
542	98
0	1
2	133
2	88
2	508
2	426
2	512
2	399
2	497
2	174
258	193
258	324
258	138
258	384
258	351
258	268
258	480
258	108
258	118
258	452
258	273
359	66
359	468
359	227
359	440
359	179
359	267
359	511
359	106
483	485
483	39
483	218
483	172
483	428
483	525
483	385
483	410
483	464
157	86
157	419
157	461
157	508
157	148
157	251
157	364
157	267
157	58
157	374
157	287
157	266
157	381
157	319
157	463
157	494
87	327
87	528
87	403
87	177
87	308
87	132
87	400
87	430
87	416
87	239
87	341
87	347
87	114
87	422
87	286
87	408
87	401
87	249
87	154
87	363
155	140
155	384
155	219
155	267
155	490
155	170
53	516
53	506
53	48
53	118
53	100
53	435
53	106
73	406
73	527
73	363
481	86
481	236
481	462
481	385
481	497
481	381
40	118
40	461
461	383
461	419
461	40
461	85
461	508
461	361
461	506
461	140
461	157
461	364
461	69
461	115
461	480
461	208
461	434
461	252
461	318
461	159
461	227
331	168
331	251
331	387
445	455
445	3
445	506
445	140
445	201
445	89
445	467
445	344
271	67
271	158
329	313
329	442
329	430
329	416
329	5
329	105
329	439
329	424
105	181
105	297
105	294
105	329
105	424
105	529
105	137
459	278
459	135
459	232
459	486
459	158
459	334
459	389
459	495
459	344
459	216
459	140
459	251
459	102
459	513
459	322
459	66
459	383
459	303
459	111
459	444
459	58
459	480
459	76
459	497
459	469
459	193
459	185
459	376
459	173
462	263
462	148
462	31
462	48
462	159
462	481
462	121
213	66
213	270
213	58
213	480
213	151
213	467
253	66
253	193
253	44
253	324
253	57
253	246
253	219
253	138
253	134
253	159
253	497
253	367
253	247
91	58
403	422
403	439
403	276
403	262
403	406
403	430
403	416
403	7
403	87
403	54
403	239
403	451
403	484
403	311
403	448
403	11
403	312
306	151
507	480
507	253
219	193
219	155
219	492
219	495
219	518
355	225
355	527
355	132
355	35
355	297
355	416
355	18
355	439
355	522
355	374
355	366
355	388
167	504
443	383
443	330
443	185
443	104
443	267
443	48
443	235
443	344
443	192
61	26
61	18
61	24
61	114
61	311
124	109
124	345
124	374
124	136
124	7
124	484
124	54
124	390
124	212
124	164
124	311
55	66
55	417
55	506
55	158
55	387
55	208
55	517
55	381
82	139
82	58
82	449
82	150
82	447
82	289
358	66
358	516
358	419
358	506
358	179
358	155
358	219
358	504
358	480
358	213
358	497
104	387
104	267
104	500
104	287
104	443
104	467
104	496
116	299
116	548
116	74
116	232
116	324
477	269
477	419
477	284
477	508
477	174
477	265
477	296
477	372
477	69
477	512
477	253
477	517
477	273
263	526
177	291
177	543
177	430
177	297
177	285
177	11
177	5
177	18
177	439
177	212
177	379
177	87
177	1
177	316
177	112
177	448
177	401
493	339
493	48
146	86
146	66
146	79
146	507
356	508
356	495
356	324
318	474
318	148
318	461
37	317
37	353
37	458
37	275
37	95
37	510
37	410
37	503
37	118
37	98
37	72
37	220
143	35
143	297
143	54
143	145
143	390
143	316
44	480
29	313
29	145
29	181
29	96
29	430
29	7
29	11
29	164
29	239
29	439
29	399
29	522
29	316
29	118
29	27
29	402
304	295
482	313
482	291
482	177
482	360
482	442
482	149
482	11
482	239
482	114
482	371
482	202
482	109
482	312
482	321
482	430
482	5
482	14
482	240
482	286
482	316
482	460
482	448
482	406
482	368
482	341
482	422
482	373
482	320
482	347
482	446
482	413
482	285
482	212
482	379
482	407
482	529
26	309
26	132
26	416
26	442
26	414
26	143
26	61
204	490
204	465
204	497
316	225
316	177
316	276
316	35
316	400
316	7
316	11
316	164
316	239
316	114
316	18
316	430
316	332
316	54
316	382
316	373
316	408
316	518
316	132
316	338
316	341
316	320
316	297
316	130
316	522
316	80
30	86
30	468
30	140
30	516
30	480
30	465
30	494
30	121
441	158
128	297
335	522
335	309
335	132
335	484
335	430
335	416
335	294
335	11
335	52
335	130
335	408
335	438
335	165
335	510
335	446
335	401
335	482
335	388
335	220
16	480
16	507
406	313
406	291
406	42
406	177
406	420
406	360
406	35
406	285
406	416
406	338
406	11
406	164
406	145
406	286
406	198
406	498
406	307
406	402
406	109
406	437
406	388
406	527
406	431
406	73
406	36
406	430
406	332
406	329
406	105
406	373
406	112
406	438
406	78
406	316
406	366
406	408
406	448
406	401
406	162
406	71
406	5
406	239
406	403
406	404
406	335
406	132
406	370
406	149
406	301
406	484
406	294
406	17
406	439
406	308
406	43
406	171
406	249
406	93
406	320
406	220
406	522
406	347
406	341
406	214
406	297
406	442
406	433
406	18
406	114
406	528
406	190
406	414
406	231
406	379
406	529
406	143
406	80
406	363
406	482
111	497
111	455
341	321
341	154
341	442
341	7
341	164
341	18
341	316
341	27
341	401
341	402
341	312
453	313
453	380
453	239
453	35
453	332
453	430
453	297
453	416
453	7
453	164
453	145
453	439
453	373
453	338
453	316
453	424
453	363
374	33
374	430
374	124
374	157
374	164
471	268
471	425
471	459
471	232
471	367
435	159
435	119
435	490
435	501
435	53
435	118
435	518
402	313
402	276
402	406
402	341
402	451
402	114
402	448
402	92
402	220
457	470
457	415
457	284
457	497
181	313
181	262
181	143
181	7
181	388
34	387
470	454
470	330
470	452
470	148
470	179
470	416
470	457
470	111
470	267
470	485
470	490
470	505
470	48
470	213
470	531
470	129
470	293
262	164
498	313
498	11
498	239
498	18
498	190
498	407
498	169
498	518
80	313
80	321
80	416
80	406
80	442
80	430
80	297
80	285
80	484
80	145
80	18
80	439
80	379
80	422
80	414
80	316
80	401
392	480
348	525
348	483
348	244
396	118
396	209
159	232
159	302
159	495
159	48
159	461
159	445
159	506
159	140
159	110
159	462
159	287
159	253
159	59
159	516
159	76
159	467
159	435
159	419
159	324
159	185
159	364
159	490
159	463
162	406
162	401
162	169
468	31
468	118
468	425
468	30
42	313
42	406
42	430
42	7
42	18
42	414
440	383
440	261
440	359
440	158
440	302
440	31
440	364
440	287
440	497
99	58
99	152
99	233
99	495
99	323
299	66
299	238
299	116
299	121
81	105
368	145
368	535
368	482
368	297
368	416
368	338
368	484
368	239
368	18
368	439
368	379
368	422
368	414
368	401
368	402
115	468
115	461
115	445
115	148
115	267
115	501
115	118
115	488
115	106
379	395
379	313
379	225
379	177
379	276
379	35
379	375
379	416
379	294
379	164
379	239
379	114
379	143
379	437
379	18
379	482
379	180
379	54
379	105
379	373
379	438
379	78
379	316
379	366
379	401
379	5
379	403
379	527
379	132
379	406
379	368
379	484
379	442
379	439
379	347
379	422
379	308
379	446
379	171
379	220
379	145
379	181
379	207
379	154
379	297
379	285
379	130
379	528
379	190
379	414
379	424
379	27
379	529
379	430
379	363
379	453
307	545
307	277
307	406
307	484
307	5
307	414
307	448
307	24
307	312
109	124
109	35
109	279
109	164
109	522
109	398
109	312
222	321
222	113
222	315
222	149
222	107
222	524
222	338
222	484
222	164
222	239
222	163
222	24
222	371
222	414
222	522
222	398
222	293
222	438
328	467
328	135
166	413
25	525
25	535
25	218
25	172
25	485
25	464
25	548
401	80
401	132
401	375
401	164
401	239
401	341
401	439
401	316
401	43
401	143
401	27
401	402
401	220
322	502
122	196
50	313
50	225
50	11
50	164
50	239
50	420
50	54
50	404
50	430
50	5
50	451
50	438
50	78
50	316
50	401
50	496
50	527
50	509
50	329
50	480
50	350
50	402
50	297
50	439
50	190
133	66
133	339
133	182
133	506
85	193
85	468
85	461
85	82
85	148
85	387
85	267
85	268
85	480
85	48
380	312
380	35
380	430
380	164
380	130
380	439
380	453
380	9
380	401
380	363
380	438
231	327
231	86
231	343
231	18
231	406
231	297
231	416
231	7
231	275
231	35
231	14
231	114
231	169
231	320
231	220
77	229
325	466
325	172
93	105
353	37
353	427
353	479
353	503
13	247
13	242
134	324
510	42
510	177
510	335
510	285
510	114
510	112
510	408
510	37
510	194
100	284
100	455
100	472
100	192
100	11
100	475
100	53
100	385
100	497
100	312
395	313
395	343
395	527
395	163
395	297
395	439
395	11
395	164
395	239
395	382
395	196
395	290
395	522
395	160
395	24
395	407
291	345
291	341
291	35
291	482
291	416
291	18
291	382
291	406
291	448
394	393
394	401
394	437
394	164
276	177
276	35
276	416
276	294
276	164
276	145
276	379
276	437
276	36
276	430
276	316
276	366
276	403
276	311
276	132
276	484
276	338
276	460
276	439
276	453
276	402
276	347
276	446
276	414
276	114
276	363
400	35
400	401
400	316
246	293
11	395
11	341
11	442
11	207
11	393
11	18
11	439
11	448
114	345
114	276
114	375
114	87
114	164
114	379
114	420
114	309
114	527
114	336
114	482
114	54
114	373
114	408
114	316
114	366
114	112
114	24
114	312
114	311
114	406
114	231
114	308
114	43
114	61
114	402
114	220
114	543
114	285
114	18
114	432
114	528
114	503
114	510
114	407
114	529
114	363
211	148
211	514
211	494
70	269
70	200
70	500
70	429
70	507
70	387
70	504
70	505
70	175
70	259
314	66
314	179
314	274
314	267
314	480
314	69
455	472
455	158
455	274
455	111
455	445
455	497
455	100
455	98
455	121
130	225
130	416
437	394
437	527
437	430
437	11
437	393
437	439
140	21
140	412
140	387
140	31
140	155
140	344
140	461
140	445
140	506
140	459
140	505
140	233
140	30
140	66
140	456
140	153
140	480
140	76
140	519
140	467
140	369
140	516
140	58
140	389
140	364
140	391
140	490
140	272
140	159
125	500
63	86
63	66
63	512
63	282
63	148
522	297
522	442
522	320
522	414
522	529
160	395
160	313
160	291
160	177
160	276
160	499
160	161
160	388
160	430
160	332
160	373
160	438
160	78
160	448
160	24
160	484
160	308
160	239
160	255
160	543
160	297
160	285
160	528
160	363
349	94
349	174
349	477
273	480
273	69
59	193
59	159
59	494
59	387
59	267
377	386
377	232
377	417
377	148
377	158
377	274
377	387
377	213
377	467
226	79
227	66
227	158
227	359
509	255
509	297
509	439
509	239
509	163
509	438
509	316
509	407
509	143
228	467
228	284
228	344
228	82
487	66
487	314
487	168
487	82
487	490
487	534
487	478
487	69
487	58
487	208
487	303
487	151
487	409
487	419
487	494
354	473
354	304
354	517
354	422
354	362
354	37
337	391
337	516
337	179
337	205
337	494
43	401
43	406
43	375
43	297
43	18
43	114
43	196
43	24
43	312
103	485
103	377
103	486
103	497
293	120
293	222
293	278
293	470
293	506
293	415
293	246
293	391
293	184
293	108
293	519
293	474
293	469
293	548
419	269
419	135
419	232
419	417
419	423
419	8
419	157
419	302
419	31
419	495
419	521
419	298
419	506
419	147
419	66
419	330
419	480
419	387
419	519
419	170
419	516
419	281
419	148
419	272
419	159
419	477
221	466
221	129
178	265
178	138
178	242
178	174
178	324
501	115
501	205
501	272
501	151
501	385
501	435
237	77
237	148
529	439
529	394
529	311
529	132
529	442
529	163
529	207
529	54
529	105
529	451
529	114
529	190
529	366
529	345
529	92
529	446
529	220
186	383
186	126
186	41
186	148
186	179
186	274
186	119
186	531
186	459
186	238
186	205
186	364
186	344
186	475
363	545
363	313
363	291
363	276
363	416
363	87
363	164
363	145
363	114
363	371
363	73
363	311
363	430
363	332
363	54
363	438
363	78
363	460
363	160
363	401
363	286
363	406
363	484
363	380
363	453
363	308
363	448
363	446
363	413
363	285
363	18
363	528
363	414
363	379
473	526
473	148
473	251
473	119
473	490
473	480
473	63
473	223
473	365
473	494
345	214
345	347
345	164
345	297
375	407
375	404
375	132
375	285
375	414
375	421
375	439
375	239
375	18
375	163
375	114
375	438
375	1
375	43
375	401
375	249
375	141
375	402
375	422
107	222
107	332
107	164
416	313
416	225
416	347
416	276
416	18
416	35
416	430
416	529
416	291
416	164
416	130
416	439
416	379
416	453
416	54
416	311
74	325
74	39
74	525
74	480
74	410
74	272
74	479
74	464
74	466
74	494
131	57
131	507
290	395
118	468
118	351
118	49
101	239
101	169
12	77
12	138
12	65
223	66
223	120
223	473
223	227
223	472
223	106
223	326
223	387
223	378
223	495
223	118
223	497
223	496
223	486
223	365
321	145
321	164
321	484
321	312
97	506
97	518
373	360
373	524
373	294
373	11
373	164
373	239
373	114
373	371
373	420
373	143
373	92
373	312
373	482
373	332
373	105
373	14
373	438
373	286
373	522
373	160
373	401
373	315
373	71
373	343
373	403
373	1
373	406
373	484
373	338
373	52
373	262
373	453
373	24
373	297
373	285
373	18
373	528
373	414
373	212
373	529
539	541
539	300
539	485
539	533
539	532
539	464
539	98
539	536
539	542
220	225
220	345
220	439
220	114
220	438
220	123
220	316
220	231
220	309
220	92
220	402
220	190
496	508
496	67
496	104
496	31
496	376
496	223
496	494
277	541
277	297
277	294
277	484
277	239
277	307
277	325
346	545
346	177
346	96
346	384
346	317
346	476
346	332
346	340
346	393
346	528
346	150
346	141
346	349
346	169
346	320
346	98
362	100
362	148
362	204
362	158
362	201
362	267
362	459
362	56
362	339
362	497
362	436
362	506
517	284
517	55
517	155
517	472
517	486
517	110
517	353
517	58
517	480
517	22
517	139
517	317
517	477
218	466
218	483
218	410
218	25
218	479
153	140
153	259
153	531
447	449
447	289
447	150
447	82
447	139
421	313
421	431
421	181
421	453
421	132
174	526
174	21
174	8
174	31
174	77
174	344
174	472
174	186
174	251
174	349
174	121
174	66
174	191
174	2
174	443
174	467
174	516
174	378
174	391
174	490
174	178
174	506
174	477
266	157
266	387
266	504
266	490
266	282
266	518
75	86
75	126
75	506
75	357
75	268
75	208
75	272
75	500
275	225
275	37
275	484
275	54
208	57
208	201
208	31
208	364
208	48
208	461
208	51
208	268
208	86
208	377
208	507
208	204
208	485
208	385
208	487
208	519
208	497
208	175
208	369
208	55
208	75
208	148
208	274
208	531
208	500
208	159
208	376
212	35
212	431
212	24
212	177
212	527
234	502
86	146
86	486
86	157
86	387
86	334
86	495
86	223
86	481
86	126
86	121
86	506
86	110
86	56
86	156
86	231
86	30
86	63
86	66
86	228
86	436
86	170
86	283
86	516
86	376
86	75
86	185
86	364
86	490
86	208
86	205
86	494
256	239
256	221
256	317
256	129
256	98
523	415
8	464
8	419
8	526
8	506
8	172
294	424
294	430
294	181
294	297
302	419
302	495
302	57
302	158
302	219
302	155
302	513
302	48
302	159
302	436
302	173
302	273
302	220
49	118
49	79
49	465
49	48
239	395
239	164
420	50
420	406
420	179
420	484
420	373
420	114
420	414
420	24
312	313
312	360
312	416
312	294
312	164
312	114
312	307
312	5
312	321
312	482
312	54
312	373
312	112
312	518
312	403
312	527
312	484
312	380
312	341
312	453
312	43
312	100
312	136
312	297
312	285
312	18
312	432
312	407
312	529
336	239
336	529
336	114
336	414
336	11
23	148
20	96
20	148
511	359
511	148
511	21
511	31
511	272
511	48
4	228
4	23
4	295
4	507
451	403
451	105
451	297
451	239
451	18
451	190
451	414
451	529
451	402
56	86
56	148
56	462
56	232
56	267
323	446
323	422
9	62
24	42
24	309
24	35
24	81
24	379
24	307
24	388
24	15
24	222
24	236
24	14
24	460
24	448
24	401
24	106
24	524
24	380
24	262
24	308
24	77
24	413
24	324
24	154
24	285
24	130
24	528
24	165
24	198
24	488
24	313
24	276
24	360
24	442
24	400
24	11
24	114
24	92
24	527
24	51
24	264
24	408
24	438
24	366
24	522
24	160
24	71
24	404
24	509
24	315
24	163
24	422
24	43
24	171
24	535
24	136
24	297
24	190
24	407
24	529
24	545
24	375
24	107
24	416
24	338
24	87
24	145
24	101
24	12
24	73
24	437
24	321
24	36
24	18
24	97
24	430
24	332
24	329
24	147
24	105
24	373
24	286
24	194
24	137
24	244
24	132
24	149
24	484
24	294
24	52
24	395
24	333
24	61
24	33
24	342
24	347
24	414
24	212
24	177
24	8
24	7
24	164
24	239
24	371
24	420
24	250
24	482
24	292
24	451
24	112
24	316
24	235
24	5
24	128
24	341
24	479
24	464
24	402
24	220
24	181
24	446
24	439
24	498
24	396
24	1
24	162
66	135
66	232
66	417
66	359
66	146
66	372
66	158
66	507
66	534
66	387
66	334
66	31
66	389
66	223
66	224
66	314
66	168
66	472
66	469
66	506
66	140
66	205
66	459
66	213
66	381
66	253
66	86
66	133
66	508
66	516
66	480
66	487
66	519
66	467
66	436
66	175
66	174
66	365
66	369
66	120
66	419
66	55
66	358
66	452
66	148
66	179
66	270
66	15
66	272
537	133
537	532
537	538
537	523
537	541
537	300
537	485
537	539
537	533
537	479
537	464
537	98
537	536
537	542
67	449
67	271
67	480
119	473
119	108
119	472
119	186
119	155
119	6
119	267
119	57
119	480
119	284
119	495
119	118
119	497
119	435
119	106
456	497
456	155
456	344
548	297
548	293
254	530
543	528
543	522
543	181
543	177
543	311
543	360
543	407
543	189
543	414
543	308
543	5
543	145
543	114
543	1
543	112
543	160
543	78
543	446
543	527
229	77
229	490
229	170
467	104
467	232
467	174
467	486
467	201
467	31
467	108
467	530
467	445
467	506
467	140
467	328
467	156
467	213
467	494
467	66
467	377
467	330
467	505
467	16
467	228
467	89
467	191
467	267
467	469
467	22
467	365
467	383
467	516
467	179
467	270
467	531
467	282
467	205
467	272
467	159
467	79
467	121
467	463
179	144
179	269
179	278
179	135
179	232
179	417
179	158
179	384
179	334
179	155
179	420
179	467
179	224
179	314
179	168
179	216
179	445
179	325
179	506
179	251
179	110
179	289
179	66
179	274
179	516
179	305
179	480
179	469
179	546
179	497
179	436
179	175
179	419
179	358
179	470
179	104
179	15
179	337
179	159
179	488
179	186
69	480
69	238
69	314
69	273
27	35
27	18
27	7
27	164
173	444
386	377
386	295
35	239
35	36
35	341
35	430
35	297
35	332
35	7
35	164
35	145
35	18
35	439
35	453
35	316
35	380
35	27
189	430
189	421
201	120
201	281
201	445
201	208
201	362
201	151
201	467
201	127
340	58
502	490
502	411
502	322
502	3
502	234
489	15
515	544
515	200
515	242
327	231
327	164
296	115
296	54
506	66
506	278
506	135
506	21
506	46
506	8
506	133
506	31
506	108
506	495
506	48
506	500
506	223
506	381
506	461
506	472
506	469
506	140
506	445
506	53
506	505
506	205
506	253
506	326
506	494
506	86
506	91
506	362
506	516
506	267
506	480
506	117
506	514
506	519
506	97
506	467
506	436
506	175
506	174
506	365
506	293
506	120
506	419
506	88
506	55
506	358
506	75
506	148
506	179
506	490
506	15
506	486
506	159
506	452
506	121
423	419
423	516
423	158
423	76
423	526
242	144
242	35
242	13
242	178
242	497
242	515
78	313
78	394
78	442
78	416
78	7
78	379
78	73
78	430
78	5
78	105
78	382
78	448
78	401
78	273
78	439
78	181
78	422
78	308
78	33
78	347
78	543
78	285
78	414
78	363
460	395
460	225
460	177
460	276
460	416
460	294
460	11
460	145
460	329
460	451
460	5
460	382
460	408
460	438
460	316
460	231
460	448
460	527
460	132
460	439
460	308
460	220
460	239
460	297
460	18
460	528
460	190
460	529
460	363
287	104
287	191
83	268
83	425
83	497
106	115
106	279
106	324
106	53
494	86
494	120
494	473
494	496
494	520
494	506
494	15
494	157
494	364
494	334
494	238
494	469
494	487
494	148
494	467
494	211
494	30
494	59
361	120
361	461
361	272
429	57
429	148
429	494
429	70
176	500
514	455
514	232
514	148
514	425
514	502
514	58
514	480
514	48
514	100
514	211
514	506
519	66
519	526
519	79
519	516
519	140
519	417
519	148
519	506
519	158
519	419
519	364
519	531
519	208
519	205
519	111
519	293
519	344
519	204
519	60
519	381
283	324
365	66
365	506
365	364
365	467
365	100
365	152
365	273
413	347
413	530
413	482
413	166
413	290
413	24
413	363
64	480
214	313
214	36
214	297
214	239
214	18
214	439
214	448
214	529
214	388
541	277
541	533
541	532
541	464
541	98
541	542
442	24
442	482
442	297
442	285
442	54
442	393
442	341
442	522
442	414
442	28
442	231
442	448
442	164
257	367
257	185
257	48
18	313
18	291
18	42
18	177
18	35
18	375
18	416
18	11
18	164
18	145
18	114
18	309
18	92
18	312
18	430
18	332
18	54
18	451
18	373
18	316
18	460
18	448
18	24
18	527
18	132
18	484
18	231
18	439
18	43
18	61
18	27
18	33
18	341
18	136
18	285
18	355
18	432
18	379
18	407
18	154
18	363
528	379
528	373
528	114
528	363
528	308
84	464
84	98
488	383
488	193
488	168
488	306
488	179
488	69
488	490
488	126
488	115
488	72
488	369
185	86
185	530
185	387
185	257
185	490
185	459
185	159
185	497
185	443
545	499
545	346
545	24
545	439
545	36
545	136
545	183
545	239
545	163
545	307
545	37
545	466
545	548
545	363
203	38
278	516
278	216
278	506
278	387
278	459
278	434
278	293
123	393
123	220
499	545
499	466
499	464
499	160
499	129
499	98
499	325
409	58
92	225
92	403
92	132
92	432
92	297
92	18
92	262
92	181
92	448
92	529
92	402
92	220
284	457
284	48
284	100
284	151
19	230
408	522
408	335
408	406
408	416
408	87
408	341
408	451
408	484
408	438
408	220
408	316
408	510
408	114
408	141
408	112
408	460
408	388
408	453
245	383
245	126
245	79
245	295
245	191
245	497
245	518
71	430
71	404
187	472
187	215
187	206
187	174
187	191
404	71
404	313
404	347
404	406
404	375
404	430
404	285
404	239
404	341
404	453
404	50
424	430
424	297
424	439
424	294
424	164
267	314
267	85
267	470
267	506
267	104
267	157
267	119
267	89
267	115
267	155
267	389
267	56
267	467
267	22
267	217
532	537
532	538
532	541
532	300
532	485
532	540
532	539
532	533
532	464
532	98
532	536
532	542
168	66
168	269
168	331
168	445
168	179
168	487
168	443
168	497
168	488
168	175
422	430
422	484
192	193
192	100
249	313
249	446
249	36
249	406
249	375
249	87
249	112
217	58
138	324
138	265
138	34
138	384
138	178
138	434
138	12
148	66
148	120
148	419
148	473
148	516
148	417
148	470
148	506
148	158
148	157
148	172
148	31
148	117
148	63
148	519
148	494
148	469
148	186
148	121
136	18
136	92
136	124
136	143
136	312
297	313
297	430
297	294
297	164
297	399
297	453
364	383
364	261
364	117
364	461
364	519
364	440
364	233
364	186
364	140
364	330
364	385
364	31
364	490
364	108
364	505
364	159
364	344
364	463
364	365
364	494
432	250
432	430
432	18
432	114
432	453
432	414
432	92
432	312
98	37
98	84
230	19
230	118
230	267
412	140
338	336
338	321
338	124
338	36
338	370
338	154
338	297
338	7
338	54
338	439
338	373
338	164
338	453
338	402
338	24
338	430
338	169
145	395
145	313
145	35
145	164
145	239
145	321
145	430
145	438
145	132
145	406
145	341
145	439
145	453
145	347
145	446
145	543
145	154
145	297
145	262
145	433
145	18
145	414
145	363
449	447
449	150
449	289
449	507
449	139
495	99
495	57
495	486
495	158
495	334
495	155
495	223
495	344
495	271
495	147
495	459
495	462
495	505
495	273
495	86
495	513
495	516
495	111
495	89
495	480
495	219
495	419
495	490
495	151
495	159
495	173
202	164
54	416
54	294
54	164
54	145
54	114
54	143
54	437
54	312
54	109
54	329
54	316
54	366
54	448
54	401
54	403
54	132
54	370
54	207
54	338
54	393
54	341
54	439
54	347
54	124
54	297
54	355
54	433
54	275
54	18
54	522
54	414
54	424
54	529
188	232
32	181
32	390
36	313
36	276
36	132
36	35
36	154
36	297
36	11
36	164
36	190
36	290
36	143
36	249
469	356
469	31
469	48
469	445
469	506
469	459
469	295
469	233
469	494
469	66
469	132
469	204
469	516
469	485
469	480
469	47
469	467
469	175
469	293
469	383
469	120
469	419
469	148
469	13
469	205
469	121
469	463
415	293
415	455
415	450
332	309
332	35
332	107
332	7
332	11
332	164
332	109
332	321
332	430
332	316
332	460
332	448
332	401
332	527
332	132
332	380
332	341
332	439
332	124
332	402
332	181
332	154
332	297
332	262
332	18
332	414
332	27
332	363
382	313
505	120
505	455
505	546
505	470
505	506
505	140
505	507
505	364
505	31
505	387
505	495
505	497
505	444
505	467
505	173
505	70
367	480
137	181
137	297
137	294
137	329
137	105
137	424
454	44
454	470
454	351
454	500
454	447
454	339
411	281
411	452
411	502
132	313
132	225
132	276
132	7
132	95
132	92
132	388
132	80
132	482
132	54
132	280
132	316
132	24
132	527
132	335
132	406
132	484
132	393
132	341
132	439
132	421
132	33
132	347
132	214
132	442
132	355
132	433
132	275
132	18
132	430
199	118
199	151
113	297
113	437
113	441
484	313
484	395
484	291
484	177
484	420
484	360
484	375
484	368
484	338
484	11
484	164
484	145
484	379
484	307
484	202
484	109
484	92
484	312
484	222
484	143
484	27
484	36
484	264
484	437
484	430
484	332
484	5
484	105
484	382
484	373
484	408
484	438
484	78
484	316
484	17
484	528
484	448
484	401
484	225
484	93
484	277
484	275
484	403
484	311
484	335
484	132
484	406
484	416
484	301
484	113
484	207
484	294
484	52
484	527
484	439
484	124
484	422
484	308
484	112
484	160
484	220
484	239
484	347
484	446
484	255
484	214
484	154
484	297
484	285
484	163
484	80
484	18
484	399
484	522
484	190
484	414
484	165
484	407
484	529
484	136
484	363
484	453
52	24
52	430
52	373
52	484
52	335
65	12
65	91
47	77
47	497
6	274
6	111
6	459
6	119
6	497
6	121
6	369
311	313
311	403
311	276
311	543
311	430
311	416
311	7
311	484
311	164
311	241
311	114
311	414
311	165
311	529
311	61
311	363
311	220
210	317
210	37
210	466
210	172
210	479
31	468
31	232
31	440
31	372
31	534
31	108
31	344
31	472
31	506
31	140
31	511
31	156
31	339
31	496
31	121
31	66
31	330
31	505
31	516
31	467
31	436
31	469
31	174
31	419
31	148
31	364
31	15
31	385
255	313
255	342
255	225
255	414
255	509
255	370
255	484
255	130
255	371
255	1
255	160
255	11
172	325
172	183
172	210
172	148
172	483
172	8
172	25
172	427
172	525
172	389
172	410
172	479
172	333
172	129
172	39
351	454
351	377
351	44
351	191
351	118
351	497
540	541
540	300
540	485
540	539
540	533
540	532
540	464
540	98
540	536
540	542
414	42
414	309
414	35
414	368
414	379
414	123
414	388
414	327
414	222
414	54
414	78
414	448
414	401
414	180
414	380
414	262
414	308
414	169
414	214
414	154
414	285
414	130
414	399
414	528
414	313
414	276
414	360
414	442
414	400
414	92
414	264
414	438
414	366
414	522
414	398
414	422
414	171
414	249
414	136
414	297
414	433
414	432
414	190
414	407
414	529
414	80
414	363
414	395
414	345
414	375
414	416
414	145
414	202
414	73
414	437
414	321
414	18
414	430
414	332
414	329
414	105
414	373
414	286
414	141
414	403
414	311
414	132
414	207
414	294
414	320
414	33
414	347
414	255
414	424
414	225
414	177
414	7
414	164
414	239
414	371
414	420
414	143
414	312
414	336
414	26
414	451
414	112
414	316
414	93
414	24
414	5
414	343
414	527
414	335
414	406
414	341
414	453
414	402
414	220
414	181
414	446
414	543
414	307
414	439
414	1
414	27
45	57
45	387
476	464
476	325
508	66
508	200
508	461
508	324
508	265
508	157
508	110
508	434
508	477
21	383
21	506
21	140
21	387
21	58
21	389
21	118
21	174
149	313
149	11
7	124
7	311
7	132
7	35
7	430
7	442
7	338
7	433
7	164
7	239
7	341
7	181
7	522
7	27
164	395
164	313
164	225
164	394
164	276
164	35
164	107
164	416
164	7
164	145
164	114
164	202
164	345
164	109
164	312
164	327
164	222
164	439
164	36
164	29
164	430
164	332
164	54
164	27
164	373
164	316
164	366
164	448
164	401
164	50
164	311
164	406
164	301
164	264
164	484
164	338
164	380
164	341
164	262
164	347
164	453
164	374
164	169
164	320
164	239
164	124
164	446
164	321
164	297
164	442
164	163
164	24
164	18
164	196
164	414
164	424
164	379
164	407
164	363
544	200
544	503
544	515
250	42
250	177
250	375
250	149
250	87
250	239
250	379
250	371
250	437
250	388
250	327
250	430
250	105
250	382
250	286
250	448
250	137
250	50
250	78
250	163
250	422
250	308
250	33
250	285
250	18
250	432
250	528
250	190
530	467
530	352
530	254
530	185
530	413
292	239
206	135
206	478
268	75
268	507
282	144
282	266
282	195
282	490
282	63
282	467
240	239
240	407
240	11
474	480
474	293
235	3
352	530
343	145
343	430
343	414
343	11
527	395
527	18
527	309
527	132
527	317
527	285
527	433
527	393
527	341
527	355
527	114
527	414
527	212
527	460
527	112
527	421
527	73
527	437
527	388
96	118
96	97
300	525
300	464
300	466
410	483
410	74
410	428
410	172
410	525
410	479
410	333
410	39
22	467
22	517
22	267
22	58
369	66
369	516
369	117
369	6
369	504
369	488
444	383
444	99
444	344
444	459
444	505
444	173
41	186
397	295
458	37
525	346
525	39
525	325
525	483
525	74
525	172
525	485
525	25
525	539
525	479
525	84
525	464
525	410
525	466
525	317
205	144
205	66
205	330
205	337
205	546
205	417
205	506
205	158
205	251
205	501
205	86
205	272
205	519
205	467
205	469
205	186
533	380
533	537
533	538
533	541
533	300
533	485
533	540
533	539
533	532
533	464
533	98
533	536
533	542
526	99
526	507
526	502
526	111
526	267
526	102
526	219
526	121
308	313
308	239
308	114
308	437
308	430
308	316
308	401
308	335
308	484
308	439
308	220
308	145
308	347
308	446
308	543
308	285
308	528
308	190
308	414
308	379
308	27
308	363
248	516
248	89
248	252
248	497
248	267
248	170
57	265
57	324
95	132
389	66
389	232
389	324
389	21
389	459
389	172
389	387
389	267
389	449
389	48
521	419
209	497
209	396
209	44
209	68
236	481
298	419
298	387
538	537
538	221
538	541
538	300
538	485
538	533
538	532
538	464
538	98
538	536
538	542
472	66
472	187
472	455
472	517
472	79
472	251
472	119
472	31
472	506
472	15
472	500
472	184
472	100
472	223
472	174
247	465
28	442
448	288
448	433
448	291
448	398
448	177
448	406
448	482
448	332
448	24
448	11
448	164
448	363
448	18
448	484
448	307
448	446
448	54
448	402
180	18
180	448
180	379
180	414
180	341
524	225
524	360
524	148
524	202
524	382
524	28
524	220
39	525
39	483
39	172
39	74
39	485
39	410
39	479
39	464
39	98
39	333
305	102
305	161
305	179
305	376
58	90
58	82
465	204
465	507
465	480
465	387
68	209
170	86
170	419
170	455
170	248
170	229
170	155
170	387
170	480
169	164
120	135
120	232
120	417
120	99
120	201
120	31
120	48
120	118
120	223
120	126
120	455
120	469
120	506
120	79
120	505
120	339
120	494
120	66
120	16
120	219
120	480
120	76
120	170
120	293
120	193
120	516
120	148
120	364
120	490
120	463
183	545
183	485
183	244
183	172
183	427
183	525
183	464
405	118
405	497
405	516
3	445
3	480
3	502
195	282
195	486
195	384
195	387
195	110
195	238
285	313
285	177
285	375
285	416
285	338
285	145
285	379
285	202
285	527
285	250
285	482
285	5
285	105
285	373
285	438
285	78
285	316
285	17
285	401
285	312
285	404
285	406
285	484
285	439
285	308
285	220
285	24
285	446
285	442
285	80
285	18
285	414
285	114
285	27
285	529
285	430
285	363
378	452
378	174
378	426
531	467
531	186
531	508
531	519
531	334
399	297
196	395
196	370
196	484
196	164
196	341
196	399
196	122
196	316
196	43
196	5
196	402
503	491
503	353
503	114
503	544
503	37
503	129
165	313
165	439
165	335
518	245
518	154
518	435
518	48
117	66
117	516
117	490
117	99
117	57
117	148
117	506
117	219
117	268
117	155
117	364
117	38
117	495
117	354
117	369
117	173
117	273
117	121
135	66
135	534
135	232
135	58
135	148
135	506
135	79
135	516
135	328
135	102
135	480
135	48
135	385
135	419
135	344
135	224
360	313
360	406
360	482
360	190
360	414
360	17
360	438
265	259
265	324
265	57
265	304
265	425
265	512
265	4
265	178
265	434
265	134
265	53
265	138
265	508
372	66
372	31
372	200
372	477
478	344
224	66
224	480
224	462
224	135
431	112
431	7
431	123
431	212
51	455
264	382
264	163
264	11
264	164
110	383
110	86
110	232
110	417
110	324
110	195
110	517
110	179
110	504
110	159
110	497
110	508
438	313
438	380
438	225
438	446
438	239
438	335
438	360
438	430
438	297
438	416
438	164
438	145
438	18
438	439
438	408
438	190
438	414
438	316
438	24
438	363
303	480
366	431
366	164
366	24
366	276
366	406
366	430
366	11
366	54
366	355
366	114
366	320
366	414
366	141
366	529
366	388
434	278
434	461
434	508
434	324
434	265
434	138
434	450
152	237
398	439
398	109
398	453
492	367
492	158
492	480
492	219
272	225
272	232
272	384
272	74
272	334
272	140
272	511
272	528
272	66
272	361
272	274
272	516
272	159
272	480
272	467
272	170
272	419
272	347
272	364
272	205
272	501
272	385
534	66
534	516
534	135
534	75
534	148
534	79
534	459
534	531
534	31
534	110
534	487
485	454
485	64
485	39
485	20
485	525
485	58
191	467
191	134
191	148
546	516
546	179
546	91
546	351
546	205
546	505
184	472
184	445
184	494
216	391
216	459
216	278
436	383
436	86
436	516
436	66
436	547
436	233
436	506
436	302
436	504
436	31
436	15
436	385
436	319
171	406
171	416
171	341
171	528
171	414
171	379
171	448
171	24
171	388
175	144
175	66
175	516
175	195
175	506
175	480
175	48
175	469
175	70
88	392
88	506
88	2
88	82
535	120
535	308
535	180
535	368
535	524
535	439
535	484
535	341
535	25
535	190
535	307
535	316
535	421
535	24
535	402
281	419
281	201
281	186
281	507
281	411
281	480
281	48
281	497
433	313
433	527
433	132
433	406
433	416
433	7
433	54
433	163
433	338
433	414
433	169
433	320
190	24
190	446
190	414
190	360
190	294
190	484
190	239
190	390
190	528
190	438
190	308
190	460
190	529
190	388
190	33
385	120
385	135
385	100
385	490
385	387
385	31
385	364
385	208
385	191
385	501
385	481
385	344
385	436
385	38
385	272
407	395
407	414
407	509
407	543
407	375
407	482
407	484
407	164
407	18
407	114
407	240
407	286
407	498
407	24
407	312
418	226
418	324
60	232
60	248
60	111
60	480
60	519
60	48
269	383
269	419
269	168
269	232
269	70
313	395
313	225
313	42
313	345
313	360
313	35
313	416
313	7
313	164
313	145
313	286
313	371
313	202
313	402
313	143
313	388
313	311
313	162
313	36
313	18
313	430
313	451
313	329
313	382
313	438
313	78
313	316
313	231
313	448
313	398
313	240
313	50
313	312
313	404
313	335
313	132
313	406
313	149
313	301
313	141
313	24
313	484
313	52
313	262
313	181
313	422
313	308
313	421
313	249
313	160
313	320
313	424
313	393
313	347
313	446
313	255
313	214
313	297
313	285
313	439
313	433
313	275
313	130
313	414
313	165
313	498
313	45
313	80
313	363
313	453
79	120
79	330
79	135
79	310
79	417
79	472
79	534
79	49
79	146
79	76
79	519
79	245
79	226
79	467
79	232
417	66
417	377
417	330
417	516
417	232
417	120
417	146
417	148
417	55
417	79
417	419
417	205
417	110
417	108
417	76
417	519
417	213
417	365
417	381
387	86
387	278
387	135
387	99
387	21
387	158
387	471
387	389
387	117
387	495
387	260
387	344
387	70
387	331
387	298
387	223
387	140
387	68
387	505
387	287
387	188
387	486
387	59
387	66
387	377
387	85
387	306
387	199
387	119
387	465
387	443
387	497
387	170
387	283
387	320
387	383
387	419
387	45
387	266
387	55
387	34
387	195
387	185
387	104
387	364
387	490
387	475
387	385
387	376
94	120
94	295
161	160
161	305
390	32
390	143
504	516
504	266
504	341
504	486
504	358
504	480
504	11
504	58
504	110
504	287
504	48
504	167
504	436
504	369
504	233
504	70
62	239
62	297
62	207
381	193
381	66
381	135
381	55
381	417
381	265
381	506
381	157
381	102
381	519
381	452
381	481
381	344
491	503
430	313
430	71
430	225
430	42
430	394
430	374
430	360
430	35
430	375
430	416
430	294
430	87
430	164
430	145
430	379
430	371
430	291
430	177
430	437
430	388
430	311
430	130
430	5
430	105
430	286
430	316
430	460
430	448
430	401
430	137
430	50
430	404
430	484
430	338
430	366
430	439
430	422
430	308
430	33
430	239
430	347
430	446
430	154
430	297
430	285
430	18
430	432
430	528
430	190
430	414
430	424
430	7
430	27
430	78
430	453
142	182
142	367
5	177
5	414
5	543
5	329
5	406
5	399
5	379
5	453
5	307
5	448
147	490
147	419
147	495
280	143
295	304
295	121
295	386
295	270
295	397
286	313
286	225
286	177
286	294
286	239
286	198
286	143
286	312
286	373
286	112
286	78
286	316
286	448
286	207
286	439
286	484
286	407
286	33
286	297
286	522
286	414
286	27
286	363
450	452
450	415
450	434
17	406
17	285
17	360
141	313
141	276
141	375
141	164
141	145
141	114
141	437
141	430
141	105
141	408
141	438
141	366
141	448
141	401
141	288
141	527
141	335
141	439
141	308
141	421
141	446
141	18
141	414
194	510
194	466
194	479
288	313
288	239
288	480
288	509
288	430
288	297
288	285
288	163
288	11
288	145
288	341
288	439
288	522
288	438
288	316
288	448
288	437
513	268
513	507
513	302
520	494
520	267
207	297
207	446
207	11
207	54
150	447
150	449
150	82
252	383
252	461
252	248
252	89
252	490
252	238
333	325
333	39
333	172
333	13
333	74
333	525
333	410
333	427
333	479
333	24
333	466
320	313
320	370
320	442
320	484
320	164
320	130
320	522
320	433
320	316
320	366
320	169
320	11
33	374
33	132
33	430
33	18
33	78
33	301
342	388
10	130
10	309
347	313
347	225
347	413
347	430
347	416
347	87
347	54
347	145
347	164
319	436
319	480
319	455
319	157
319	364
425	468
425	83
151	284
151	199
151	201
151	340
151	480
151	501
151	77
151	492
151	463
182	142
225	393
225	341
225	164
225	198
225	132
260	490
326	106
326	506
326	176
326	223
46	506
512	144
512	265
512	63
512	2
512	497
512	235
512	477
244	525
244	183
244	499
244	348
244	323
244	464
244	24
371	313
371	177
371	276
371	375
371	416
371	7
371	145
371	222
371	482
371	332
371	373
371	438
371	316
371	24
371	50
371	406
371	439
371	308
371	43
371	401
371	297
371	285
371	522
371	190
371	414
371	430
371	363
48	120
48	506
48	480
48	159
48	233
48	518
139	447
139	449
139	289
139	82
215	480
215	126
215	507
215	100
215	232
426	490
426	378
427	325
427	485
427	183
427	129
427	39
427	172
427	353
427	525
427	410
427	479
427	464
427	333
427	466
72	488
238	144
238	304
238	232
238	258
238	57
238	299
238	186
238	69
238	195
238	480
238	310
238	48
238	252
238	497
238	463
238	494
112	446
112	276
112	527
112	416
112	11
112	239
112	163
112	114
112	414
112	212
112	1
112	249
112	312
127	201
536	537
536	538
536	540
536	539
536	533
536	532
121	86
121	462
121	526
121	455
121	299
121	158
121	6
121	174
121	31
121	108
121	148
121	463
121	467
121	376
121	469
121	30
121	295
330	419
330	417
330	470
330	486
330	79
330	364
330	31
330	490
330	205
330	443
330	467
200	544
200	372
200	515
200	508
200	70
500	383
500	454
500	261
500	126
500	472
500	506
500	104
500	125
500	75
500	480
500	176
500	462
500	152
500	208
500	233
500	70
370	311
370	36
370	442
370	338
370	207
370	54
370	196
370	11
370	316
370	27
370	320
480	66
480	419
480	135
480	44
480	490
480	465
480	158
480	507
480	151
480	58
480	108
480	303
480	48
480	213
480	367
480	170
480	232
479	483
479	8
479	74
479	172
479	333
479	427
479	286
479	24
479	466
479	537
479	39
479	536
479	218
479	485
479	410
479	464
479	210
479	217
479	194
479	353
479	525
479	533
479	98
464	210
464	325
464	479
357	269
357	497
193	488
193	192
193	381
446	313
446	276
446	164
446	145
446	379
446	482
446	112
446	438
446	323
446	141
446	24
446	335
446	207
446	484
446	308
446	249
446	448
446	243
446	543
446	285
446	190
446	414
446	529
446	430
446	363
310	497
310	79
310	418
270	66
270	516
270	295
270	259
270	213
270	467
1	177
1	18
1	35
1	375
1	416
1	382
1	130
1	439
1	373
1	438
1	376
