7954422	1
9645782	2
16856678	3
17034161	4
17303343	5
17771406	6
17984909	7
18160524	8
18549687	9
20295521	10
20421262	11
21748506	12
27196014	13
28045363	14
28086388	15
28692935	16
30226232	17
30899313	18
32353456	19
33829806	20
34219402	21
35343837	22
39539618	23
39959483	24
40473138	25
40634800	26
41415674	27
41741879	28
41882023	29
42385853	30
45084560	31
45782304	32
46823263	33
47858151	34
48022536	35
48047398	36
48325019	37
48943189	38
49264202	39
50260259	40
50630119	41
52400643	42
53439194	43
53664165	44
56923515	45
60047243	46
60558676	47
63080343	48
63423375	49
63623744	50
63764134	51
63984976	52
65392919	53
66931247	54
67541349	55
67662773	56
68103688	57
69539409	58
69874367	59
70090494	60
71979356	61
71997213	62
72245941	63
72782353	64
72820050	65
73569216	66
73714634	67
75012655	68
75277295	69
75532959	70
75588800	71
75952047	72
78027035	73
78312205	74
79993704	75
80826452	76
80892504	77
82154550	78
83402027	79
83529469	80
83593738	81
84144486	82
84628539	83
84636791	84
84769348	85
84823872	86
85510414	87
85561059	88
85985359	89
86302820	90
86604098	91
88016028	92
88595898	93
89114386	94
90895888	95
92734920	96
95367976	97
95388922	98
95468039	99
96379514	100
96494361	101
96997425	102
98128606	103
99819883	104
100944177	105
101016636	106
101149451	107
101154963	108
101560859	109
101959346	110
101982670	111
102610868	112
102653259	113
102716052	114
102726161	115
103055734	116
103186051	117
103242520	118
103762894	119
104457825	120
105039807	121
105427518	122
105718294	123
105851235	124
108567214	125
108939299	126
109584315	127
110412229	128
110522588	129
110674033	130
111514382	131
113661255	132
114119234	133
114127478	134
114978436	135
115592426	136
115694909	137
115942632	138
117658607	139
118145707	140
118284090	141
118763308	142
119290267	143
120373248	144
120671504	145
120990088	146
121374512	147
122025193	148
122346892	149
123184980	150
123449207	151
123903674	152
124379985	153
124702826	154
125620498	155
125623990	156
125933837	157
126283787	158
126847480	159
126974650	160
127407891	161
127846907	162
128121042	163
131167631	164
131837559	165
132590129	166
133196857	167
134426147	168
134909533	169
135143004	170
135466715	171
135865709	172
136309756	173
137454429	174
138057436	175
139586643	176
140134788	177
140358387	178
140420075	179
140480071	180
140741091	181
140822402	182
141153890	183
141258456	184
141328234	185
141469482	186
142030017	187
144327967	188
144833545	189
145190645	190
148356821	191
149081303	192
149084128	193
149473084	194
149929576	195
151899764	196
152944653	197
155670548	198
157570378	199
158644163	200
162425868	201
163073303	202
163988609	203
166207562	204
168496628	205
169165445	206
169416526	207
169517939	208
171142691	209
171355483	210
174969500	211
175022967	212
175696185	213
176331880	214
180666270	215
182307108	216
191345887	217
191376204	218
194859342	219
197119455	220
197333737	221
199238178	222
201605916	223
204281503	224
208605058	225
213981890	226
214020805	227
217111240	228
218141673	229
219860235	230
220437944	231
222386181	232
224118460	233
229780345	234
233199034	235
234679845	236
236808954	237
237707187	238
241101712	239
243617205	240
248735762	241
251049013	242
251230435	243
260204867	244
262505657	245
265300621	246
266525276	247
266577415	248
268440796	249
277450150	250
280293549	251
281007960	252
283140412	253
284021532	254
287438182	255
290400548	256
295539824	257
298938630	258
309543030	259
309870468	260
313364642	261
313772114	262
314100098	263
315106983	264
315907720	265
320729956	266
323120335	267
323995057	268
326946560	269
327434221	270
329519403	271
335246965	272
335758014	273
336523276	274
337202031	275
337801861	276
349795136	277
350049411	278
350189579	279
351407922	280
356314856	281
356611315	282
356680797	283
356748451	284
358481516	285
358778678	286
361145401	287
361699136	288
361712315	289
364194583	290
364202626	291
365307308	292
371737311	293
379546509	294
380153651	295
383843369	296
390606059	297
395793958	298
398656009	299
399312335	300
400535626	301
405502862	302
406705846	303
410452393	304
410637902	305
410718535	306
415656470	307
416839254	308
425887748	309
431382502	310
431384389	311
433005471	312
434825856	313
439018146	314
443283656	315
446153143	316
446335146	317
449601946	318
451881276	319
452783966	320
452997922	321
454117948	322
466647990	323
481022055	324
482048604	325
487817098	326
493884448	327
496953903	328
497871151	329
508549058	330
508893477	331
514741548	332
517470043	333
517859471	334
519573958	335
528249761	336
528533284	337
528704781	338
529674425	339
538334222	340
544584145	341
545445728	342
546033090	343
550907932	344
551111428	345
553741122	346
554465123	347
555291731	348
561189563	349
567429337	350
569029998	351
573490762	352
577272429	353
581778135	354
582867282	355
592982415	356
593676847	357
595501415	358
602767623	359
617981575	360
618103879	361
625702710	362
635153150	363
635466990	364
636144734	365
708826808	366
709098810	367
710515212	368
711667167	369
711786440	370
717422485	371
719982218	372
730053427	373
732559830	374
732560137	375
738400507	376
749363905	377
756285038	378
761356820	379
767375952	380
770860831	381
773569842	382
774729824	383
777526284	384
780109560	385
780446724	386
786784014	387
787255326	388
797664786	389
801830678	390
806156400	391
808370672	392
821395536	393
825870980	394
846842496	395
847251956	396
856702441	397
876019387	398
876197491	399
880329356	400
886604347	401
887161310	402
894808387	403
894897349	404
905324132	405
911802824	406
926570234	407
926907572	408
927130776	409
964654548	410
967447874	411
979850508	412
984118374	413
987940214	414
988181803	415
998843148	416
1001697030	417
1007058685	418
1014504162	419
1018178454	420
1028371290	421
1039148245	422
1044143623	423
1049625463	424
1109692266	425
1150242726	426
1154602926	427
1157734477	428
1161806923	429
1186989866	430
1193684641	431
1196004595	432
1211111150	433
1211223668	434
1215732187	435
1226993370	436
1245903644	437
1256806069	438
1263923282	439
1267126790	440
1271843263	441
1291191404	442
1293875544	443
1322771024	444
1337254184	445
1341425636	446
1342579544	447
1352414778	448
1356602642	449
1367713591	450
1378096050	451
1385937000	452
1396488661	453
1404116288	454
1404222116	455
1404587702	456
1407035874	457
1409484270	458
1439234354	459
1441803320	460
1446492452	461
1454387251	462
1466839165	463
1481514968	464
1481711190	465
1492052028	466
1501810393	467
1503230466	468
1513787612	469
1518735848	470
1522610648	471
1530037800	472
1530524419	473
1538098616	474
1538522869	475
1541025156	476
1544948095	477
1557128846	478
1558142934	479
1561298898	480
1568636634	481
1570120106	482
1570963722	483
1572506958	484
1574409936	485
1577244810	486
1581046483	487
1595550842	488
1597969436	489
1598357617	490
1599485732	491
1604597436	492
1610484103	493
1619153983	494
1622852886	495
1625543484	496
1629673561	497
1639920110	498
1648262288	499
1663690742	500
1672452854	501
1677965485	502
1682546293	503
1690194223	504
1693779254	505
1704664106	506
1705448844	507
1706390917	508
1707197126	509
1730290296	510
1734714288	511
1772009360	512
1841481014	513
1841697877	514
1851048991	515
1856383074	516
1859691338	517
1866160063	518
1892826198	519
1894063945	520
1904338460	521
1911773300	522
1917117320	523
1940176140	524
1947366896	525
1949105666	526
1963328965	527
1964166260	528
1972052731	529
2156367271	530
2166373999	531
2168911574	532
2168968693	533
2168975042	534
2178412261	535
2179315644	536
2179560386	537
2179595815	538
2179672884	539
2179726706	540
2182384746	541
2182392062	542
2184369128	543
2188098969	544
2211792000	545
2228322006	546
2232893672	547
2243705821	548
