7954422
9645782
16856678
17034161
17303343
17771406
17984909
18160524
18549687
20295521
20421262
21748506
27196014
28045363
28086388
28692935
30226232
30899313
32353456
33829806
34219402
35343837
39539618
39959483
40473138
40634800
41415674
41741879
41882023
42385853
45084560
45782304
46823263
47858151
48022536
48047398
48325019
48943189
49264202
50260259
50630119
52400643
53439194
53664165
56923515
60047243
60558676
63080343
63423375
63623744
63764134
63984976
65392919
66931247
67541349
67662773
68103688
69539409
69874367
70090494
71979356
71997213
72245941
72782353
72820050
73569216
73714634
75012655
75277295
75532959
75588800
75952047
78027035
78312205
79993704
80826452
80892504
82154550
83402027
83529469
83593738
84144486
84628539
84636791
84769348
84823872
85510414
85561059
85985359
86302820
86604098
88016028
88595898
89114386
90895888
92734920
95367976
95388922
95468039
96379514
96494361
96997425
98128606
99819883
100944177
101016636
101149451
101154963
101560859
101959346
101982670
102610868
102653259
102716052
102726161
103055734
103186051
103242520
103762894
104457825
105039807
105427518
105718294
105851235
108567214
108939299
109584315
110412229
110522588
110674033
111514382
113661255
114119234
114127478
114978436
115592426
115694909
115942632
117658607
118145707
118284090
118763308
119290267
120373248
120671504
120990088
121374512
122025193
122346892
123184980
123449207
123903674
124379985
124702826
125620498
125623990
125933837
126283787
126847480
126974650
127407891
127846907
128121042
131167631
131837559
132590129
133196857
134426147
134909533
135143004
135466715
135865709
136309756
137454429
138057436
139586643
140134788
140358387
140420075
140480071
140741091
140822402
141153890
141258456
141328234
141469482
142030017
144327967
144833545
145190645
148356821
149081303
149084128
149473084
149929576
151899764
152944653
155670548
157570378
158644163
162425868
163073303
163988609
166207562
168496628
169165445
169416526
169517939
171142691
171355483
174969500
175022967
175696185
176331880
180666270
182307108
191345887
191376204
194859342
197119455
197333737
199238178
201605916
204281503
208605058
213981890
214020805
217111240
218141673
219860235
220437944
222386181
224118460
229780345
233199034
234679845
236808954
237707187
241101712
243617205
248735762
251049013
251230435
260204867
262505657
265300621
266525276
266577415
268440796
277450150
280293549
281007960
283140412
284021532
287438182
290400548
295539824
298938630
309543030
309870468
313364642
313772114
314100098
315106983
315907720
320729956
323120335
323995057
326946560
327434221
329519403
335246965
335758014
336523276
337202031
337801861
349795136
350049411
350189579
351407922
356314856
356611315
356680797
356748451
358481516
358778678
361145401
361699136
361712315
364194583
364202626
365307308
371737311
379546509
380153651
383843369
390606059
395793958
398656009
399312335
400535626
405502862
406705846
410452393
410637902
410718535
415656470
416839254
425887748
431382502
431384389
433005471
434825856
439018146
443283656
446153143
446335146
449601946
451881276
452783966
452997922
454117948
466647990
481022055
482048604
487817098
493884448
496953903
497871151
508549058
508893477
514741548
517470043
517859471
519573958
528249761
528533284
528704781
529674425
538334222
544584145
545445728
546033090
550907932
551111428
553741122
554465123
555291731
561189563
567429337
569029998
573490762
577272429
581778135
582867282
592982415
593676847
595501415
602767623
617981575
618103879
625702710
635153150
635466990
636144734
708826808
709098810
710515212
711667167
711786440
717422485
719982218
730053427
732559830
732560137
738400507
749363905
756285038
761356820
767375952
770860831
773569842
774729824
777526284
780109560
780446724
786784014
787255326
797664786
801830678
806156400
808370672
821395536
825870980
846842496
847251956
856702441
876019387
876197491
880329356
886604347
887161310
894808387
894897349
905324132
911802824
926570234
926907572
927130776
964654548
967447874
979850508
984118374
987940214
988181803
998843148
1001697030
1007058685
1014504162
1018178454
1028371290
1039148245
1044143623
1049625463
1109692266
1150242726
1154602926
1157734477
1161806923
1186989866
1193684641
1196004595
1211111150
1211223668
1215732187
1226993370
1245903644
1256806069
1263923282
1267126790
1271843263
1291191404
1293875544
1322771024
1337254184
1341425636
1342579544
1352414778
1356602642
1367713591
1378096050
1385937000
1396488661
1404116288
1404222116
1404587702
1407035874
1409484270
1439234354
1441803320
1446492452
1454387251
1466839165
1481514968
1481711190
1492052028
1501810393
1503230466
1513787612
1518735848
1522610648
1530037800
1530524419
1538098616
1538522869
1541025156
1544948095
1557128846
1558142934
1561298898
1568636634
1570120106
1570963722
1572506958
1574409936
1577244810
1581046483
1595550842
1597969436
1598357617
1599485732
1604597436
1610484103
1619153983
1622852886
1625543484
1629673561
1639920110
1648262288
1663690742
1672452854
1677965485
1682546293
1690194223
1693779254
1704664106
1705448844
1706390917
1707197126
1730290296
1734714288
1772009360
1841481014
1841697877
1851048991
1856383074
1859691338
1866160063
1892826198
1894063945
1904338460
1911773300
1917117320
1940176140
1947366896
1949105666
1963328965
1964166260
1972052731
2156367271
2166373999
2168911574
2168968693
2168975042
2178412261
2179315644
2179560386
2179595815
2179672884
2179726706
2182384746
2182392062
2184369128
2188098969
2211792000
2228322006
2232893672
2243705821
